Full Name,Name,Status,Duration,Error,Stack Trace,Steps,Parent Suite,Suite,Sub Suite,Epic,Feature,Story
"dev.multistack.app.config.CorsConfigTest.apiCorsChecksOrigin","admits a configured dev server origin and rejects an unknown one","passed","70ms",,,,,"CorsConfig",,"Security","CORS",
"dev.multistack.app.config.CorsConfigTest.apiCorsAllowsSameHostOrigin","admits the deployment host when Origin matches the request Host","passed","2ms",,,,,"CorsConfig",,"Security","CORS",
"dev.multistack.app.config.CorsConfigTest.apiCorsAllowsOriginPatterns","applies the configured origin patterns on /api/**","passed","2ms",,,,,"CorsConfig",,"Security","CORS",
"tests.testinfra.LocalChromePinTest.applyRejectsBlankBrowserVersion","apply refuses to fall back to system Chrome","passed","1ms",,,,,"LocalChromePin",,"Test harness","LocalChromePin",
"tests.testinfra.LocalChromePinTest.applyRejectsForeignMajor","apply rejects a browserVersion from another major","passed","2ms",,,,,"LocalChromePin",,"Test harness","LocalChromePin",
"tests.testinfra.AllureHttpHtmlTest.coloredFtlSurvivesAllureIframeWithoutThemeIslands","coloredFtlSurvivesAllureIframeWithoutThemeIslands()","passed","611ms",,,,,"tests.testinfra.AllureHttpHtmlTest",,,,
"tests.testinfra.LocalChromePinTest.configuredBrowserVersionMatchesPin","configured browserVersion stays on the pinned major","passed","1ms",,,,,"LocalChromePin",,"Test harness","LocalChromePin",
"dev.multistack.app.config.SecurityChainTest.corsPreflightAllowsConfiguredOrigin","CORS preflight for /api/items answers the configured dev origin","passed","12ms",,,,,"Security chain with real JWT filter,slice",,"Security","Security chain",
"dev.multistack.app.config.CorsConfigTest.corsForRequestIgnoresForeignOrigin","corsForRequest does not admit a foreign origin from another host","passed","1ms",,,,,"CorsConfig",,"Security","CORS",
"dev.multistack.app.config.CorsConfigTest.corsForRequestSkipsNonApiPaths","corsForRequest ignores non-API paths and null requests","passed","2ms",,,,,"CorsConfig",,"Security","CORS",
"dev.multistack.app.config.UserSeederTest.createsSeedUserWhenMissing","creates seed user when missing","passed","225ms",,,,,"UserSeeder",,"Authentication","User seeder",
"dev.multistack.app.service.JwtServiceTest.tokenRoundtrip","createToken and extractUsername roundtrip","passed","3ms",,,,,"JwtService",,"Authentication","JWT",
"tests.testinfra.TokensCssTest.defaultTokensPathResolvesExistingFile","defaultTokensPath resolves an existing tokens.css","failed","11ms","expected: <true> but was: <false>","org.opentest4j.AssertionFailedError: expected: <true> but was: <false>
	at org.junit.jupiter.api.AssertionFailureBuilder.build(AssertionFailureBuilder.java:151)
	at org.junit.jupiter.api.AssertionFailureBuilder.buildAndThrow(AssertionFailureBuilder.java:132)
	at org.junit.jupiter.api.AssertTrue.failNotTrue(AssertTrue.java:63)
	at org.junit.jupiter.api.AssertTrue.assertTrue(AssertTrue.java:36)
	at org.junit.jupiter.api.AssertTrue.assertTrue(AssertTrue.java:31)
	at org.junit.jupiter.api.Assertions.assertTrue(Assertions.java:183)
	at tests.testinfra.TokensCssTest.defaultTokensPathResolvesExistingFile(TokensCssTest.java:56)
	at java.base/java.lang.reflect.Method.invoke(Method.java:580)
	at java.base/java.util.ArrayList.forEach(ArrayList.java:1596)
	at java.base/java.util.ArrayList.forEach(ArrayList.java:1596)
",,,"TokensCss",,"Test harness","Tokens CSS",
"dev.multistack.app.controller.AuthControllerTest.deleteAccountReturnsNoContent","DELETE /api/auth/me removes the authenticated account with 204","passed","16ms",,,,,"AuthController,slice",,"Authentication","AuthController",
"dev.multistack.app.controller.AuthControllerTest.deleteAccountRequiresAuthentication","DELETE /api/auth/me without token returns 401","passed","21ms",,,,,"AuthController,slice",,"Authentication","AuthController",
"dev.multistack.app.service.AuthServiceTest.deleteAccountUnknownUser","deleteAccount rejects a user that no longer exists","passed","2ms",,,,,"AuthService",,"Authentication","AuthService",
"dev.multistack.app.service.AuthServiceTest.deleteAccountRemovesUser","deleteAccount removes the authenticated user","passed","2ms",,,,,"AuthService",,"Authentication","AuthService",
"dev.multistack.app.repository.UserRepositoryTest.duplicateUsernameViolatesUniqueConstraint","duplicate username violates the real unique constraint (V2)","passed","23ms",,,,,"UserRepository on real PostgreSQL,slice",,"Persistence","User repository",
"dev.multistack.app.repository.UserRepositoryTest.findByUsernameEmptyForUnknownUser","findByUsername is empty for an unknown user","passed","32ms",,,,,"UserRepository on real PostgreSQL,slice",,"Persistence","User repository",
"dev.multistack.app.repository.UserRepositoryTest.findByUsernameReturnsSavedUser","findByUsername returns the saved user with generated id and created_at","passed","10ms",,,,,"UserRepository on real PostgreSQL,slice",,"Persistence","User repository",
"tests.testinfra.TokensCssTest.firstExistingReturnsFirstHit","firstExisting returns the first path that exists","passed","2ms",,,,,"TokensCss",,"Test harness","Tokens CSS",
"tests.testinfra.TokensCssTest.firstExistingReturnsLastWhenNoneExist","firstExisting returns the last path when none exist","passed","1ms",,,,,"TokensCss",,"Test harness","Tokens CSS",
"dev.multistack.app.controller.AuthControllerTest.meReturnsProfile","GET /api/auth/me returns profile for authenticated user","passed","12ms",,,,,"AuthController,slice",,"Authentication","AuthController",
"dev.multistack.app.config.SecurityChainTest.meWithRealBearerToken","GET /api/auth/me with a real bearer token passes the filter chain","passed","78ms",,,,,"Security chain with real JWT filter,slice",,"Security","Security chain",
"dev.multistack.app.config.SecurityChainTest.meWithTamperedToken","GET /api/auth/me with a tampered token returns 401","passed","10ms",,,,,"Security chain with real JWT filter,slice",,"Security","Security chain",
"dev.multistack.app.config.SecurityChainTest.meWithExpiredToken","GET /api/auth/me with an expired token returns 401","passed","222ms",,,,,"Security chain with real JWT filter,slice",,"Security","Security chain",
"dev.multistack.app.controller.AuthControllerTest.meRequiresAuthentication","GET /api/auth/me without token returns 401","passed","9ms",,,,,"AuthController,slice",,"Authentication","AuthController",
"dev.multistack.app.config.SecurityChainTest.openapiDocsPermitAll","GET /api/docs is public","passed","46ms",,,,,"Security chain with real JWT filter,slice",,"Security","Security chain",
"dev.multistack.app.controller.OpenApiControllerTest.docsServesSwaggerUi","GET /api/docs is Swagger UI pointed at ./openapi.yaml","passed","11ms",,,,,"OpenApiController,slice",,"Contract","OpenAPI",
"dev.multistack.app.integration.ApplicationWiringIntegrationTest.healthReportsActiveBackendService","GET /api/health — full stack reports the active backend module","passed","778ms",,,"GET /api/health passed (275ms)",,"Application wiring on real PostgreSQL",,"Application wiring","PostgreSQL and Flyway",
"dev.multistack.app.controller.ApiControllerTest.healthReturnsOk","GET /api/health returns ok","passed","15ms",,,,,"ApiController,slice",,"Home","ApiController",
"dev.multistack.app.integration.ApplicationWiringIntegrationTest.itemsAreWiredToPostgreSQL","GET /api/items — catalogue is served from PostgreSQL with Flyway seed","passed","54ms",,,"GET /api/items passed (49ms)",,"Application wiring on real PostgreSQL",,"Application wiring","PostgreSQL and Flyway",
"dev.multistack.app.controller.ApiControllerTest.itemsReturnsList","GET /api/items returns items from service","passed","19ms",,,,,"ApiController,slice",,"Home","ApiController",
"dev.multistack.app.config.SecurityChainTest.openapiYamlPermitAll","GET /api/openapi.yaml is public","passed","9ms",,,,,"Security chain with real JWT filter,slice",,"Security","Security chain",
"dev.multistack.app.controller.OpenApiControllerTest.specMatchesContractCopy","GET /api/openapi.yaml is the classpath copy of _contract/openapi.yaml","passed","10ms",,,,,"OpenApiController,slice",,"Contract","OpenAPI",
"tests.testinfra.LayoutCssTest.gridColumnCountParsesGridTemplateColumns","gridColumnCount parses grid-template-columns [1] repeat(3, minmax(0, 1fr)), 3","passed","16ms",,,,,"LayoutCss",,"Test harness","Layout CSS",
"tests.testinfra.LayoutCssTest.gridColumnCountParsesGridTemplateColumns","gridColumnCount parses grid-template-columns [2] 603px 603px, 2","passed","1ms",,,,,"LayoutCss",,"Test harness","Layout CSS",
"tests.testinfra.LayoutCssTest.gridColumnCountParsesGridTemplateColumns","gridColumnCount parses grid-template-columns [3] 1fr, 1","passed","1ms",,,,,"LayoutCss",,"Test harness","Layout CSS",
"tests.testinfra.LayoutCssTest.gridColumnCountParsesGridTemplateColumns","gridColumnCount parses grid-template-columns [4] 316px, 1","passed","1ms",,,,,"LayoutCss",,"Test harness","Layout CSS",
"tests.testinfra.LayoutCssTest.gridColumnCountParsesGridTemplateColumns","gridColumnCount parses grid-template-columns [5] none, 0","passed","1ms",,,,,"LayoutCss",,"Test harness","Layout CSS",
"tests.testinfra.LayoutCssTest.gridColumnCountParsesGridTemplateColumns","gridColumnCount parses grid-template-columns [6] null, 0","passed","1ms",,,,,"LayoutCss",,"Test harness","Layout CSS",
"tests.testinfra.LayoutCssTest.gridColumnCountParsesGridTemplateColumns","gridColumnCount parses grid-template-columns [7] , 0","passed","1ms",,,,,"LayoutCss",,"Test harness","Layout CSS",
"tests.testinfra.LayoutCssTest.gridColumnCountParsesGridTemplateColumns","gridColumnCount parses grid-template-columns [8]    , 0","passed","1ms",,,,,"LayoutCss",,"Test harness","Layout CSS",
"dev.multistack.app.service.ItemServiceTest.healthReturnsOk","health returns ok status","passed","1ms",,,,,"ItemService",,"Home","ItemService",
"dev.multistack.app.config.JwtAuthFilterTest.ignoresInvalidBearerToken","ignores invalid bearer token","passed","4ms",,,,,"JwtAuthFilter",,"Authentication","JWT filter",
"dev.multistack.app.config.JwtAuthFilterTest.ignoresNonBearerAuthorizationHeader","ignores non-bearer authorization header","passed","4ms",,,,,"JwtAuthFilter",,"Authentication","JWT filter",
"dev.multistack.app.repository.FlywayMigrationTest.insertAssignsIdentityId","insert into the migrated schema assigns an identity id","passed","46ms",,,,,"Flyway schema on real PostgreSQL,slice",,"Persistence","Flyway schema",
"dev.multistack.app.service.JwtServiceTest.isValidRejectsExpiredToken","isValid rejects expired token","passed","5ms",,,,,"JwtService",,"Authentication","JWT",
"dev.multistack.app.service.JwtServiceTest.isValidRejectsMalformedToken","isValid rejects malformed token","passed","1ms",,,,,"JwtService",,"Authentication","JWT",
"dev.multistack.app.service.JwtServiceTest.isValidRejectsTamperedToken","isValid rejects tampered token","passed","3ms",,,,,"JwtService",,"Authentication","JWT",
"dev.multistack.app.service.ItemServiceTest.listItemsMapsRows","listItems maps repository rows to DTOs ordered by id","passed","97ms",,,,,"ItemService",,"Home","ItemService",
"dev.multistack.app.service.ItemServiceTest.listItemsReturnsEmptyWhenNoRows","listItems returns empty list when repository is empty","passed","1ms",,,,,"ItemService",,"Home","ItemService",
"dev.multistack.app.service.AuthServiceTest.loginUnknownUser","login rejects unknown username","passed","2ms",,,,,"AuthService",,"Authentication","AuthService",
"dev.multistack.app.service.AuthServiceTest.loginWrongPassword","login rejects wrong password","passed","3ms",,,,,"AuthService",,"Authentication","AuthService",
"dev.multistack.app.service.AuthServiceTest.loginWithValidCredentials","login returns token for valid credentials","passed","3ms",,,,,"AuthService",,"Authentication","AuthService",
"dev.multistack.app.repository.FlywayMigrationTest.migrationsSeedItems","migrations apply and seed the items catalogue (V1)","passed","157ms",,,,,"Flyway schema on real PostgreSQL,slice",,"Persistence","Flyway schema",
"dev.multistack.app.config.SecurityChainTest.nonApiDenied","non-API paths are denied","passed","9ms",,,,,"Security chain with real JWT filter,slice",,"Security","Security chain",
"tests.testinfra.TokensCssTest.parseRootTokensRejectsMissingRootBlock","parseRootTokens rejects css without :root block","passed","2ms",,,,,"TokensCss",,"Test harness","Tokens CSS",
"dev.multistack.app.config.JwtAuthFilterTest.passesThroughWithoutAuthorizationHeader","passes through when Authorization header is missing","passed","5ms",,,,,"JwtAuthFilter",,"Authentication","JWT filter",
"tests.testinfra.LocalChromePinTest.pinnedVersionIsFullBuildNumber","pinnedVersion is a full Chrome for Testing build number","passed","1ms",,,,,"LocalChromePin",,"Test harness","LocalChromePin",
"dev.multistack.app.controller.AuthControllerTest.loginInvalidCredentials","POST /api/auth/login maps invalid credentials to 401","passed","7ms",,,,,"AuthController,slice",,"Authentication","AuthController",
"dev.multistack.app.controller.AuthControllerTest.loginRejectsBlankCredentials","POST /api/auth/login rejects blank credentials with 400 joining both field errors","passed","27ms",,,,,"AuthController,slice",,"Authentication","AuthController",
"dev.multistack.app.controller.AuthControllerTest.loginReturnsOk","POST /api/auth/login returns 200","passed","8ms",,,,,"AuthController,slice",,"Authentication","AuthController",
"dev.multistack.app.controller.AuthControllerTest.logoutReturnsNoContent","POST /api/auth/logout returns 204","passed","6ms",,,,,"AuthController,slice",,"Authentication","AuthController",
"dev.multistack.app.controller.AuthControllerTest.registerDuplicateUsername","POST /api/auth/register maps duplicate username to 409","passed","11ms",,,,,"AuthController,slice",,"Authentication","AuthController",
"dev.multistack.app.controller.AuthControllerTest.registerRejectsUnreadableBody","POST /api/auth/register rejects an unreadable body with 400","passed","7ms",,,,,"AuthController,slice",,"Authentication","AuthController",
"dev.multistack.app.controller.AuthControllerTest.registerRejectsShortPassword","POST /api/auth/register rejects short password with 400 and a field message","passed","191ms",,,,,"AuthController,slice",,"Authentication","AuthController",
"dev.multistack.app.controller.AuthControllerTest.registerReturnsCreated","POST /api/auth/register returns 201","passed","12ms",,,,,"AuthController,slice",,"Authentication","AuthController",
"tests.testinfra.ConfigReaderTest.privateConstructorIsReachable","private constructor keeps utility class closed","passed","2ms",,,,,"ConfigReader",,"Test harness","ConfigReader",
"dev.multistack.app.service.AuthServiceTest.profileUnknownUser","profile rejects unknown username","passed","2ms",,,,,"AuthService",,"Authentication","AuthService",
"dev.multistack.app.service.AuthServiceTest.profileForExistingUser","profile returns username for existing user","passed","2ms",,,,,"AuthService",,"Authentication","AuthService",
"dev.multistack.app.integration.AuthLifecycleIntegrationTest.accountLifecycleRoundTrip","register → login → me → logout (stateless: token survives) → delete → me is 401","passed","363ms",,,"POST /api/auth/register passed (190ms)
 POST /api/auth/login passed (79ms)
  GET /api/auth/me passed (40ms)
   POST /api/auth/logout passed (8ms)
    GET /api/auth/me passed (7ms)
     DELETE /api/auth/me passed (17ms)
      GET /api/auth/me passed (14ms)",,"Auth account lifecycle in-process",,"Authentication","Account lifecycle",
"dev.multistack.app.service.AuthServiceTest.registerLosesUniqueConstraintRace","register maps a lost unique-constraint race to 409","passed","3ms",,,,,"AuthService",,"Authentication","AuthService",
"dev.multistack.app.service.AuthServiceTest.registerDuplicateUsername","register rejects duplicate username","passed","1ms",,,,,"AuthService",,"Authentication","AuthService",
"dev.multistack.app.service.AuthServiceTest.registerCreatesUser","register saves user and returns auth response","passed","3ms",,,,,"AuthService",,"Authentication","AuthService",
"tests.testinfra.HarViewerHtmlTest.renderBuildsSelenoidLikeTableWithDetailsWithoutEmbeddedHarDataUri","renderBuildsSelenoidLikeTableWithDetailsWithoutEmbeddedHarDataUri()","passed","14ms",,,,,"tests.testinfra.HarViewerHtmlTest",,"Test harness","HAR viewer",
"tests.testinfra.ConfigReaderTest.resolveApiBaseUrlFailsWhenBothEmpty","resolveApiBaseUrl fails fast when apiBaseUrl and hubUrl are empty","passed","2ms",,,,,"ConfigReader",,"Test harness","ConfigReader",
"tests.testinfra.ConfigReaderTest.resolveApiBaseUrlFallsBackToHubUrl","resolveApiBaseUrl falls back to hubUrl when apiBaseUrl is empty","passed","3ms",,,,,"ConfigReader",,"Test harness","ConfigReader",
"tests.testinfra.ConfigReaderTest.resolveApiBaseUrlPrefersExplicitKey","resolveApiBaseUrl prefers apiBaseUrl over hubUrl","passed","93ms",,,,,"ConfigReader",,"Test harness","ConfigReader",
"tests.testinfra.ConfigReaderTest.resolveApiBaseUrlUsesLoadedConfig","resolveApiBaseUrl uses loaded config","passed","1ms",,,,,"ConfigReader",,"Test harness","ConfigReader",
"tests.testinfra.ConfigReaderTest.resolveBaseUrlAddsTrailingSlash","resolveBaseUrl adds trailing slash to HTTP baseUrl","passed","2ms",,,,,"ConfigReader",,"Test harness","ConfigReader",
"tests.testinfra.ConfigReaderTest.resolveBaseUrlFailsWhenBothEmpty","resolveBaseUrl fails fast when baseUrl and basePath are empty","passed","4ms",,,,,"ConfigReader",,"Test harness","ConfigReader",
"tests.testinfra.ConfigReaderTest.resolveBaseUrlFailsWhenBasePathMissing","resolveBaseUrl fails when basePath directory is missing","passed","7ms",,,,,"ConfigReader",,"Test harness","ConfigReader",
"tests.testinfra.ConfigReaderTest.resolveBaseUrlKeepsTrailingSlash","resolveBaseUrl keeps trailing slash on baseUrl","passed","3ms",,,,,"ConfigReader",,"Test harness","ConfigReader",
"tests.testinfra.ConfigReaderTest.resolveBaseUrlFromBasePath","resolveBaseUrl maps basePath to file URL with trailing slash","passed","17ms",,,,,"ConfigReader",,"Test harness","ConfigReader",
"tests.testinfra.ConfigReaderTest.resolveBaseUrlResolvesRelativeBasePath","resolveBaseUrl resolves relative basePath against user dir","passed","5ms",,,,,"ConfigReader",,"Test harness","ConfigReader",
"tests.testinfra.ConfigReaderTest.resolveBaseUrlUsesLoadedConfig","resolveBaseUrl uses loaded config","passed","1ms",,,,,"ConfigReader",,"Test harness","ConfigReader",
"tests.testinfra.TokensCssTest.resolveTokensCssPathFallsBackToBackendCandidate","resolveTokensCssPath falls back to backend candidate","passed","2ms",,,,,"TokensCss",,"Test harness","Tokens CSS",
"tests.testinfra.TokensCssTest.resolveTokensCssPathPrefersFrontendCandidate","resolveTokensCssPath prefers frontend candidate","passed","1ms",,,,,"TokensCss",,"Test harness","Tokens CSS",
"tests.testinfra.ConfigReaderTest.resolveWebBaseUrlStripsTrailingSlashFromLoadedConfig","resolveWebBaseUrl strips trailing slash from loaded config","passed","4ms",,,,,"ConfigReader",,"Test harness","ConfigReader",
"dev.multistack.app.config.CorsConfigTest.sameHostUsesServerName","sameHost falls back to server name when Host header is absent","passed","2ms",,,,,"CorsConfig",,"Security","CORS",
"dev.multistack.app.config.CorsConfigTest.sameHostFallsBackWhenHostHeaderBlank","sameHost falls back to server name when Host header is blank","passed","1s 513ms",,,,,"CorsConfig",,"Security","CORS",
"dev.multistack.app.config.CorsConfigTest.sameHostUsesHostHeader","sameHost matches Origin host to the Host header","passed","1ms",,,,,"CorsConfig",,"Security","CORS",
"dev.multistack.app.config.CorsConfigTest.sameHostRejectsInvalidOrigin","sameHost rejects malformed and host-less origins","passed","3ms",,,,,"CorsConfig",,"Security","CORS",
"tests.testinfra.AllureHttpHtmlTest.sanitizerStripsStyleAndScriptThenDarkThemeInjectsIntoHead","sanitizerStripsStyleAndScriptThenDarkThemeInjectsIntoHead()","passed","54ms",,,,,"tests.testinfra.AllureHttpHtmlTest",,,,
"tests.testinfra.ScreenshotHelperTest.screenshotModeMapsEnvToStandFolder","screenshotMode maps env to a stand folder  → prod","passed","2ms",,,,,"ScreenshotHelper",,"Test harness","ScreenshotHelper",
"tests.testinfra.ScreenshotHelperTest.screenshotModeMapsEnvToStandFolder","screenshotMode maps env to a stand folder ci → prod","passed","1ms",,,,,"ScreenshotHelper",,"Test harness","ScreenshotHelper",
"tests.testinfra.ScreenshotHelperTest.screenshotModeMapsEnvToStandFolder","screenshotMode maps env to a stand folder mock → mock","passed","5ms",,,,,"ScreenshotHelper",,"Test harness","ScreenshotHelper",
"tests.testinfra.ScreenshotHelperTest.screenshotModeMapsEnvToStandFolder","screenshotMode maps env to a stand folder prod → prod","passed","2ms",,,,,"ScreenshotHelper",,"Test harness","ScreenshotHelper",
"tests.testinfra.ScreenshotHelperTest.screenshotModeMapsEnvToStandFolder","screenshotMode maps env to a stand folder stage → stage","passed","3ms",,,,,"ScreenshotHelper",,"Test harness","ScreenshotHelper",
"tests.testinfra.ScreenshotHelperTest.screenshotModeRejectsUnknownEnv","screenshotMode rejects unknown env [1] dev","passed","4ms",,,,,"ScreenshotHelper",,"Test harness","ScreenshotHelper",
"tests.testinfra.ScreenshotHelperTest.screenshotModeRejectsUnknownEnv","screenshotMode rejects unknown env [2] local","passed","1ms",,,,,"ScreenshotHelper",,"Test harness","ScreenshotHelper",
"tests.testinfra.ScreenshotHelperTest.screenshotModeRejectsUnknownEnv","screenshotMode rejects unknown env [3] multistack_ci","passed","1ms",,,,,"ScreenshotHelper",,"Test harness","ScreenshotHelper",
"dev.multistack.app.config.JwtAuthFilterTest.setsAuthenticationForValidBearerToken","sets authentication for valid bearer token","passed","241ms",,,,,"JwtAuthFilter",,"Authentication","JWT filter",
"dev.multistack.app.config.UserSeederTest.skipsSeedingWhenCredentialsMissing","skips seeding when credentials are not configured username="""" password=""""","passed","2ms",,,,,"UserSeeder",,"Authentication","User seeder",
"dev.multistack.app.config.UserSeederTest.skipsSeedingWhenCredentialsMissing","skips seeding when credentials are not configured username="""" password=""password1""","passed","10ms",,,,,"UserSeeder",,"Authentication","User seeder",
"dev.multistack.app.config.UserSeederTest.skipsSeedingWhenCredentialsMissing","skips seeding when credentials are not configured username=""user1"" password=""""","passed","2ms",,,,,"UserSeeder",,"Authentication","User seeder",
"dev.multistack.app.config.UserSeederTest.skipsSeedingWhenUserExists","skips seeding when user already exists","passed","3ms",,,,,"UserSeeder",,"Authentication","User seeder",
"tests.testinfra.HarCaptureTest.toHarBuildsEntriesFromPerformanceLogs","toHarBuildsEntriesFromPerformanceLogs()","passed","84ms",,,,,"tests.testinfra.HarCaptureTest",,"Test harness","HAR capture",
"tests.testinfra.TokensCssTest.tokensMatchComponentSizesCanon","tokens.css keeps canonical component size tokens [1] --control-height-md, 36px","broken","20ms","/home/runner/work/ai-first-student-workspace/ai-first-student-workspace/tests/java/tests-java-gradle-junit5-allure3-selenide/backend-java-spring/src/main/resources/static/css/tokens.css","java.nio.file.NoSuchFileException: /home/runner/work/ai-first-student-workspace/ai-first-student-workspace/tests/java/tests-java-gradle-junit5-allure3-selenide/backend-java-spring/src/main/resources/static/css/tokens.css
	at java.base/sun.nio.fs.UnixException.translateToIOException(UnixException.java:92)
	at java.base/sun.nio.fs.UnixException.rethrowAsIOException(UnixException.java:106)
	at java.base/sun.nio.fs.UnixException.rethrowAsIOException(UnixException.java:111)
	at java.base/sun.nio.fs.UnixFileSystemProvider.newByteChannel(UnixFileSystemProvider.java:261)
	at java.base/java.nio.file.Files.newByteChannel(Files.java:380)
	at java.base/java.nio.file.Files.newByteChannel(Files.java:432)
	at java.base/java.nio.file.Files.readAllBytes(Files.java:3281)
	at java.base/java.nio.file.Files.readString(Files.java:3359)
	at java.base/java.nio.file.Files.readString(Files.java:3318)
	at helpers.TokensCss.parseRootTokens(TokensCss.java:59)
	at tests.testinfra.TokensCssTest.tokensMatchComponentSizesCanon(TokensCssTest.java:39)
	at java.base/java.lang.reflect.Method.invoke(Method.java:580)
	at io.qameta.allure.jupiter.AllureJupiter.interceptTestTemplateMethod(AllureJupiter.java:72)
	at java.base/java.util.stream.ForEachOps$ForEachOp$OfRef.accept(ForEachOps.java:184)
	at java.base/java.util.stream.ReferencePipeline$3$1.accept(ReferencePipeline.java:197)
	at java.base/java.util.stream.ReferencePipeline$2$1.accept(ReferencePipeline.java:179)
	at java.base/java.util.stream.ReferencePipeline$3$1.accept(ReferencePipeline.java:197)
	at java.base/java.util.stream.ForEachOps$ForEachOp$OfRef.accept(ForEachOps.java:184)
	at java.base/java.util.stream.ReferencePipeline$3$1.accept(ReferencePipeline.java:197)
	at java.base/java.util.stream.ForEachOps$ForEachOp$OfRef.accept(ForEachOps.java:184)
	at java.base/java.util.stream.ForEachOps$ForEachOp$OfRef.accept(ForEachOps.java:184)
	at java.base/java.util.stream.ReferencePipeline$3$1.accept(ReferencePipeline.java:197)
	at java.base/java.util.Spliterators$ArraySpliterator.forEachRemaining(Spliterators.java:1024)
	at java.base/java.util.stream.ReferencePipeline$Head.forEach(ReferencePipeline.java:762)
	at java.base/java.util.stream.ReferencePipeline$7$1.accept(ReferencePipeline.java:276)
	at java.base/java.util.stream.ReferencePipeline$3$1.accept(ReferencePipeline.java:197)
	at java.base/java.util.stream.ReferencePipeline$3$1.accept(ReferencePipeline.java:197)
	at java.base/java.util.stream.ReferencePipeline$3$1.accept(ReferencePipeline.java:197)
	at java.base/java.util.Spliterators$ArraySpliterator.forEachRemaining(Spliterators.java:1024)
	at java.base/java.util.stream.AbstractPipeline.copyInto(AbstractPipeline.java:509)
	at java.base/java.util.stream.AbstractPipeline.wrapAndCopyInto(AbstractPipeline.java:499)
	at java.base/java.util.stream.ForEachOps$ForEachOp.evaluateSequential(ForEachOps.java:151)
	at java.base/java.util.stream.ForEachOps$ForEachOp$OfRef.evaluateSequential(ForEachOps.java:174)
	at java.base/java.util.stream.AbstractPipeline.evaluate(AbstractPipeline.java:234)
	at java.base/java.util.stream.ReferencePipeline.forEach(ReferencePipeline.java:596)
	at java.base/java.util.stream.ReferencePipeline$7$1.accept(ReferencePipeline.java:276)
	at java.base/java.util.ArrayList$ArrayListSpliterator.forEachRemaining(ArrayList.java:1708)
	at java.base/java.util.stream.AbstractPipeline.copyInto(AbstractPipeline.java:509)
	at java.base/java.util.stream.AbstractPipeline.wrapAndCopyInto(AbstractPipeline.java:499)
	at java.base/java.util.stream.ForEachOps$ForEachOp.evaluateSequential(ForEachOps.java:151)
	at java.base/java.util.stream.ForEachOps$ForEachOp$OfRef.evaluateSequential(ForEachOps.java:174)
	at java.base/java.util.stream.AbstractPipeline.evaluate(AbstractPipeline.java:234)
	at java.base/java.util.stream.ReferencePipeline.forEach(ReferencePipeline.java:596)
	at java.base/java.util.stream.ReferencePipeline$7$1.accept(ReferencePipeline.java:276)
	at java.base/java.util.stream.ReferencePipeline$3$1.accept(ReferencePipeline.java:197)
	at java.base/java.util.stream.ReferencePipeline$3$1.accept(ReferencePipeline.java:197)
	at java.base/java.util.stream.ReferencePipeline$3$1.accept(ReferencePipeline.java:197)
	at java.base/java.util.ArrayList$ArrayListSpliterator.forEachRemaining(ArrayList.java:1708)
	at java.base/java.util.stream.AbstractPipeline.copyInto(AbstractPipeline.java:509)
	at java.base/java.util.stream.AbstractPipeline.wrapAndCopyInto(AbstractPipeline.java:499)
	at java.base/java.util.stream.ForEachOps$ForEachOp.evaluateSequential(ForEachOps.java:151)
	at java.base/java.util.stream.ForEachOps$ForEachOp$OfRef.evaluateSequential(ForEachOps.java:174)
	at java.base/java.util.stream.AbstractPipeline.evaluate(AbstractPipeline.java:234)
	at java.base/java.util.stream.ReferencePipeline.forEach(ReferencePipeline.java:596)
	at java.base/java.util.stream.ReferencePipeline$7$1.accept(ReferencePipeline.java:276)
	at java.base/java.util.ArrayList$ArrayListSpliterator.forEachRemaining(ArrayList.java:1708)
	at java.base/java.util.stream.AbstractPipeline.copyInto(AbstractPipeline.java:509)
	at java.base/java.util.stream.AbstractPipeline.wrapAndCopyInto(AbstractPipeline.java:499)
	at java.base/java.util.stream.ForEachOps$ForEachOp.evaluateSequential(ForEachOps.java:151)
	at java.base/java.util.stream.ForEachOps$ForEachOp$OfRef.evaluateSequential(ForEachOps.java:174)
	at java.base/java.util.stream.AbstractPipeline.evaluate(AbstractPipeline.java:234)
	at java.base/java.util.stream.ReferencePipeline.forEach(ReferencePipeline.java:596)
	at java.base/java.util.ArrayList.forEach(ArrayList.java:1596)
	at java.base/java.util.ArrayList.forEach(ArrayList.java:1596)
",,,"TokensCss",,"Test harness","Tokens CSS",
"tests.testinfra.TokensCssTest.tokensMatchComponentSizesCanon","tokens.css keeps canonical component size tokens [2] --icon-size-md, 18px","broken","5ms","/home/runner/work/ai-first-student-workspace/ai-first-student-workspace/tests/java/tests-java-gradle-junit5-allure3-selenide/backend-java-spring/src/main/resources/static/css/tokens.css","java.nio.file.NoSuchFileException: /home/runner/work/ai-first-student-workspace/ai-first-student-workspace/tests/java/tests-java-gradle-junit5-allure3-selenide/backend-java-spring/src/main/resources/static/css/tokens.css
	at java.base/sun.nio.fs.UnixException.translateToIOException(UnixException.java:92)
	at java.base/sun.nio.fs.UnixException.rethrowAsIOException(UnixException.java:106)
	at java.base/sun.nio.fs.UnixException.rethrowAsIOException(UnixException.java:111)
	at java.base/sun.nio.fs.UnixFileSystemProvider.newByteChannel(UnixFileSystemProvider.java:261)
	at java.base/java.nio.file.Files.newByteChannel(Files.java:380)
	at java.base/java.nio.file.Files.newByteChannel(Files.java:432)
	at java.base/java.nio.file.Files.readAllBytes(Files.java:3281)
	at java.base/java.nio.file.Files.readString(Files.java:3359)
	at java.base/java.nio.file.Files.readString(Files.java:3318)
	at helpers.TokensCss.parseRootTokens(TokensCss.java:59)
	at tests.testinfra.TokensCssTest.tokensMatchComponentSizesCanon(TokensCssTest.java:39)
	at java.base/java.lang.reflect.Method.invoke(Method.java:580)
	at io.qameta.allure.jupiter.AllureJupiter.interceptTestTemplateMethod(AllureJupiter.java:72)
	at java.base/java.util.stream.ForEachOps$ForEachOp$OfRef.accept(ForEachOps.java:184)
	at java.base/java.util.stream.ReferencePipeline$3$1.accept(ReferencePipeline.java:197)
	at java.base/java.util.stream.ReferencePipeline$2$1.accept(ReferencePipeline.java:179)
	at java.base/java.util.stream.ReferencePipeline$3$1.accept(ReferencePipeline.java:197)
	at java.base/java.util.stream.ForEachOps$ForEachOp$OfRef.accept(ForEachOps.java:184)
	at java.base/java.util.stream.ReferencePipeline$3$1.accept(ReferencePipeline.java:197)
	at java.base/java.util.stream.ForEachOps$ForEachOp$OfRef.accept(ForEachOps.java:184)
	at java.base/java.util.stream.ForEachOps$ForEachOp$OfRef.accept(ForEachOps.java:184)
	at java.base/java.util.stream.ReferencePipeline$3$1.accept(ReferencePipeline.java:197)
	at java.base/java.util.Spliterators$ArraySpliterator.forEachRemaining(Spliterators.java:1024)
	at java.base/java.util.stream.ReferencePipeline$Head.forEach(ReferencePipeline.java:762)
	at java.base/java.util.stream.ReferencePipeline$7$1.accept(ReferencePipeline.java:276)
	at java.base/java.util.stream.ReferencePipeline$3$1.accept(ReferencePipeline.java:197)
	at java.base/java.util.stream.ReferencePipeline$3$1.accept(ReferencePipeline.java:197)
	at java.base/java.util.stream.ReferencePipeline$3$1.accept(ReferencePipeline.java:197)
	at java.base/java.util.Spliterators$ArraySpliterator.forEachRemaining(Spliterators.java:1024)
	at java.base/java.util.stream.AbstractPipeline.copyInto(AbstractPipeline.java:509)
	at java.base/java.util.stream.AbstractPipeline.wrapAndCopyInto(AbstractPipeline.java:499)
	at java.base/java.util.stream.ForEachOps$ForEachOp.evaluateSequential(ForEachOps.java:151)
	at java.base/java.util.stream.ForEachOps$ForEachOp$OfRef.evaluateSequential(ForEachOps.java:174)
	at java.base/java.util.stream.AbstractPipeline.evaluate(AbstractPipeline.java:234)
	at java.base/java.util.stream.ReferencePipeline.forEach(ReferencePipeline.java:596)
	at java.base/java.util.stream.ReferencePipeline$7$1.accept(ReferencePipeline.java:276)
	at java.base/java.util.ArrayList$ArrayListSpliterator.forEachRemaining(ArrayList.java:1708)
	at java.base/java.util.stream.AbstractPipeline.copyInto(AbstractPipeline.java:509)
	at java.base/java.util.stream.AbstractPipeline.wrapAndCopyInto(AbstractPipeline.java:499)
	at java.base/java.util.stream.ForEachOps$ForEachOp.evaluateSequential(ForEachOps.java:151)
	at java.base/java.util.stream.ForEachOps$ForEachOp$OfRef.evaluateSequential(ForEachOps.java:174)
	at java.base/java.util.stream.AbstractPipeline.evaluate(AbstractPipeline.java:234)
	at java.base/java.util.stream.ReferencePipeline.forEach(ReferencePipeline.java:596)
	at java.base/java.util.stream.ReferencePipeline$7$1.accept(ReferencePipeline.java:276)
	at java.base/java.util.stream.ReferencePipeline$3$1.accept(ReferencePipeline.java:197)
	at java.base/java.util.stream.ReferencePipeline$3$1.accept(ReferencePipeline.java:197)
	at java.base/java.util.stream.ReferencePipeline$3$1.accept(ReferencePipeline.java:197)
	at java.base/java.util.ArrayList$ArrayListSpliterator.forEachRemaining(ArrayList.java:1708)
	at java.base/java.util.stream.AbstractPipeline.copyInto(AbstractPipeline.java:509)
	at java.base/java.util.stream.AbstractPipeline.wrapAndCopyInto(AbstractPipeline.java:499)
	at java.base/java.util.stream.ForEachOps$ForEachOp.evaluateSequential(ForEachOps.java:151)
	at java.base/java.util.stream.ForEachOps$ForEachOp$OfRef.evaluateSequential(ForEachOps.java:174)
	at java.base/java.util.stream.AbstractPipeline.evaluate(AbstractPipeline.java:234)
	at java.base/java.util.stream.ReferencePipeline.forEach(ReferencePipeline.java:596)
	at java.base/java.util.stream.ReferencePipeline$7$1.accept(ReferencePipeline.java:276)
	at java.base/java.util.ArrayList$ArrayListSpliterator.forEachRemaining(ArrayList.java:1708)
	at java.base/java.util.stream.AbstractPipeline.copyInto(AbstractPipeline.java:509)
	at java.base/java.util.stream.AbstractPipeline.wrapAndCopyInto(AbstractPipeline.java:499)
	at java.base/java.util.stream.ForEachOps$ForEachOp.evaluateSequential(ForEachOps.java:151)
	at java.base/java.util.stream.ForEachOps$ForEachOp$OfRef.evaluateSequential(ForEachOps.java:174)
	at java.base/java.util.stream.AbstractPipeline.evaluate(AbstractPipeline.java:234)
	at java.base/java.util.stream.ReferencePipeline.forEach(ReferencePipeline.java:596)
	at java.base/java.util.ArrayList.forEach(ArrayList.java:1596)
	at java.base/java.util.ArrayList.forEach(ArrayList.java:1596)
",,,"TokensCss",,"Test harness","Tokens CSS",
"tests.testinfra.TokensCssTest.tokensMatchComponentSizesCanon","tokens.css keeps canonical component size tokens [3] --input-min-width, 200px","broken","4ms","/home/runner/work/ai-first-student-workspace/ai-first-student-workspace/tests/java/tests-java-gradle-junit5-allure3-selenide/backend-java-spring/src/main/resources/static/css/tokens.css","java.nio.file.NoSuchFileException: /home/runner/work/ai-first-student-workspace/ai-first-student-workspace/tests/java/tests-java-gradle-junit5-allure3-selenide/backend-java-spring/src/main/resources/static/css/tokens.css
	at java.base/sun.nio.fs.UnixException.translateToIOException(UnixException.java:92)
	at java.base/sun.nio.fs.UnixException.rethrowAsIOException(UnixException.java:106)
	at java.base/sun.nio.fs.UnixException.rethrowAsIOException(UnixException.java:111)
	at java.base/sun.nio.fs.UnixFileSystemProvider.newByteChannel(UnixFileSystemProvider.java:261)
	at java.base/java.nio.file.Files.newByteChannel(Files.java:380)
	at java.base/java.nio.file.Files.newByteChannel(Files.java:432)
	at java.base/java.nio.file.Files.readAllBytes(Files.java:3281)
	at java.base/java.nio.file.Files.readString(Files.java:3359)
	at java.base/java.nio.file.Files.readString(Files.java:3318)
	at helpers.TokensCss.parseRootTokens(TokensCss.java:59)
	at tests.testinfra.TokensCssTest.tokensMatchComponentSizesCanon(TokensCssTest.java:39)
	at java.base/java.lang.reflect.Method.invoke(Method.java:580)
	at io.qameta.allure.jupiter.AllureJupiter.interceptTestTemplateMethod(AllureJupiter.java:72)
	at java.base/java.util.stream.ForEachOps$ForEachOp$OfRef.accept(ForEachOps.java:184)
	at java.base/java.util.stream.ReferencePipeline$3$1.accept(ReferencePipeline.java:197)
	at java.base/java.util.stream.ReferencePipeline$2$1.accept(ReferencePipeline.java:179)
	at java.base/java.util.stream.ReferencePipeline$3$1.accept(ReferencePipeline.java:197)
	at java.base/java.util.stream.ForEachOps$ForEachOp$OfRef.accept(ForEachOps.java:184)
	at java.base/java.util.stream.ReferencePipeline$3$1.accept(ReferencePipeline.java:197)
	at java.base/java.util.stream.ForEachOps$ForEachOp$OfRef.accept(ForEachOps.java:184)
	at java.base/java.util.stream.ForEachOps$ForEachOp$OfRef.accept(ForEachOps.java:184)
	at java.base/java.util.stream.ReferencePipeline$3$1.accept(ReferencePipeline.java:197)
	at java.base/java.util.Spliterators$ArraySpliterator.forEachRemaining(Spliterators.java:1024)
	at java.base/java.util.stream.ReferencePipeline$Head.forEach(ReferencePipeline.java:762)
	at java.base/java.util.stream.ReferencePipeline$7$1.accept(ReferencePipeline.java:276)
	at java.base/java.util.stream.ReferencePipeline$3$1.accept(ReferencePipeline.java:197)
	at java.base/java.util.stream.ReferencePipeline$3$1.accept(ReferencePipeline.java:197)
	at java.base/java.util.stream.ReferencePipeline$3$1.accept(ReferencePipeline.java:197)
	at java.base/java.util.Spliterators$ArraySpliterator.forEachRemaining(Spliterators.java:1024)
	at java.base/java.util.stream.AbstractPipeline.copyInto(AbstractPipeline.java:509)
	at java.base/java.util.stream.AbstractPipeline.wrapAndCopyInto(AbstractPipeline.java:499)
	at java.base/java.util.stream.ForEachOps$ForEachOp.evaluateSequential(ForEachOps.java:151)
	at java.base/java.util.stream.ForEachOps$ForEachOp$OfRef.evaluateSequential(ForEachOps.java:174)
	at java.base/java.util.stream.AbstractPipeline.evaluate(AbstractPipeline.java:234)
	at java.base/java.util.stream.ReferencePipeline.forEach(ReferencePipeline.java:596)
	at java.base/java.util.stream.ReferencePipeline$7$1.accept(ReferencePipeline.java:276)
	at java.base/java.util.ArrayList$ArrayListSpliterator.forEachRemaining(ArrayList.java:1708)
	at java.base/java.util.stream.AbstractPipeline.copyInto(AbstractPipeline.java:509)
	at java.base/java.util.stream.AbstractPipeline.wrapAndCopyInto(AbstractPipeline.java:499)
	at java.base/java.util.stream.ForEachOps$ForEachOp.evaluateSequential(ForEachOps.java:151)
	at java.base/java.util.stream.ForEachOps$ForEachOp$OfRef.evaluateSequential(ForEachOps.java:174)
	at java.base/java.util.stream.AbstractPipeline.evaluate(AbstractPipeline.java:234)
	at java.base/java.util.stream.ReferencePipeline.forEach(ReferencePipeline.java:596)
	at java.base/java.util.stream.ReferencePipeline$7$1.accept(ReferencePipeline.java:276)
	at java.base/java.util.stream.ReferencePipeline$3$1.accept(ReferencePipeline.java:197)
	at java.base/java.util.stream.ReferencePipeline$3$1.accept(ReferencePipeline.java:197)
	at java.base/java.util.stream.ReferencePipeline$3$1.accept(ReferencePipeline.java:197)
	at java.base/java.util.ArrayList$ArrayListSpliterator.forEachRemaining(ArrayList.java:1708)
	at java.base/java.util.stream.AbstractPipeline.copyInto(AbstractPipeline.java:509)
	at java.base/java.util.stream.AbstractPipeline.wrapAndCopyInto(AbstractPipeline.java:499)
	at java.base/java.util.stream.ForEachOps$ForEachOp.evaluateSequential(ForEachOps.java:151)
	at java.base/java.util.stream.ForEachOps$ForEachOp$OfRef.evaluateSequential(ForEachOps.java:174)
	at java.base/java.util.stream.AbstractPipeline.evaluate(AbstractPipeline.java:234)
	at java.base/java.util.stream.ReferencePipeline.forEach(ReferencePipeline.java:596)
	at java.base/java.util.stream.ReferencePipeline$7$1.accept(ReferencePipeline.java:276)
	at java.base/java.util.ArrayList$ArrayListSpliterator.forEachRemaining(ArrayList.java:1708)
	at java.base/java.util.stream.AbstractPipeline.copyInto(AbstractPipeline.java:509)
	at java.base/java.util.stream.AbstractPipeline.wrapAndCopyInto(AbstractPipeline.java:499)
	at java.base/java.util.stream.ForEachOps$ForEachOp.evaluateSequential(ForEachOps.java:151)
	at java.base/java.util.stream.ForEachOps$ForEachOp$OfRef.evaluateSequential(ForEachOps.java:174)
	at java.base/java.util.stream.AbstractPipeline.evaluate(AbstractPipeline.java:234)
	at java.base/java.util.stream.ReferencePipeline.forEach(ReferencePipeline.java:596)
	at java.base/java.util.ArrayList.forEach(ArrayList.java:1596)
	at java.base/java.util.ArrayList.forEach(ArrayList.java:1596)
",,,"TokensCss",,"Test harness","Tokens CSS",
"tests.testinfra.TokensCssTest.tokensMatchComponentSizesCanon","tokens.css keeps canonical component size tokens [4] --header-height, 40px","broken","4ms","/home/runner/work/ai-first-student-workspace/ai-first-student-workspace/tests/java/tests-java-gradle-junit5-allure3-selenide/backend-java-spring/src/main/resources/static/css/tokens.css","java.nio.file.NoSuchFileException: /home/runner/work/ai-first-student-workspace/ai-first-student-workspace/tests/java/tests-java-gradle-junit5-allure3-selenide/backend-java-spring/src/main/resources/static/css/tokens.css
	at java.base/sun.nio.fs.UnixException.translateToIOException(UnixException.java:92)
	at java.base/sun.nio.fs.UnixException.rethrowAsIOException(UnixException.java:106)
	at java.base/sun.nio.fs.UnixException.rethrowAsIOException(UnixException.java:111)
	at java.base/sun.nio.fs.UnixFileSystemProvider.newByteChannel(UnixFileSystemProvider.java:261)
	at java.base/java.nio.file.Files.newByteChannel(Files.java:380)
	at java.base/java.nio.file.Files.newByteChannel(Files.java:432)
	at java.base/java.nio.file.Files.readAllBytes(Files.java:3281)
	at java.base/java.nio.file.Files.readString(Files.java:3359)
	at java.base/java.nio.file.Files.readString(Files.java:3318)
	at helpers.TokensCss.parseRootTokens(TokensCss.java:59)
	at tests.testinfra.TokensCssTest.tokensMatchComponentSizesCanon(TokensCssTest.java:39)
	at java.base/java.lang.reflect.Method.invoke(Method.java:580)
	at io.qameta.allure.jupiter.AllureJupiter.interceptTestTemplateMethod(AllureJupiter.java:72)
	at java.base/java.util.stream.ForEachOps$ForEachOp$OfRef.accept(ForEachOps.java:184)
	at java.base/java.util.stream.ReferencePipeline$3$1.accept(ReferencePipeline.java:197)
	at java.base/java.util.stream.ReferencePipeline$2$1.accept(ReferencePipeline.java:179)
	at java.base/java.util.stream.ReferencePipeline$3$1.accept(ReferencePipeline.java:197)
	at java.base/java.util.stream.ForEachOps$ForEachOp$OfRef.accept(ForEachOps.java:184)
	at java.base/java.util.stream.ReferencePipeline$3$1.accept(ReferencePipeline.java:197)
	at java.base/java.util.stream.ForEachOps$ForEachOp$OfRef.accept(ForEachOps.java:184)
	at java.base/java.util.stream.ForEachOps$ForEachOp$OfRef.accept(ForEachOps.java:184)
	at java.base/java.util.stream.ReferencePipeline$3$1.accept(ReferencePipeline.java:197)
	at java.base/java.util.Spliterators$ArraySpliterator.forEachRemaining(Spliterators.java:1024)
	at java.base/java.util.stream.ReferencePipeline$Head.forEach(ReferencePipeline.java:762)
	at java.base/java.util.stream.ReferencePipeline$7$1.accept(ReferencePipeline.java:276)
	at java.base/java.util.stream.ReferencePipeline$3$1.accept(ReferencePipeline.java:197)
	at java.base/java.util.stream.ReferencePipeline$3$1.accept(ReferencePipeline.java:197)
	at java.base/java.util.stream.ReferencePipeline$3$1.accept(ReferencePipeline.java:197)
	at java.base/java.util.Spliterators$ArraySpliterator.forEachRemaining(Spliterators.java:1024)
	at java.base/java.util.stream.AbstractPipeline.copyInto(AbstractPipeline.java:509)
	at java.base/java.util.stream.AbstractPipeline.wrapAndCopyInto(AbstractPipeline.java:499)
	at java.base/java.util.stream.ForEachOps$ForEachOp.evaluateSequential(ForEachOps.java:151)
	at java.base/java.util.stream.ForEachOps$ForEachOp$OfRef.evaluateSequential(ForEachOps.java:174)
	at java.base/java.util.stream.AbstractPipeline.evaluate(AbstractPipeline.java:234)
	at java.base/java.util.stream.ReferencePipeline.forEach(ReferencePipeline.java:596)
	at java.base/java.util.stream.ReferencePipeline$7$1.accept(ReferencePipeline.java:276)
	at java.base/java.util.ArrayList$ArrayListSpliterator.forEachRemaining(ArrayList.java:1708)
	at java.base/java.util.stream.AbstractPipeline.copyInto(AbstractPipeline.java:509)
	at java.base/java.util.stream.AbstractPipeline.wrapAndCopyInto(AbstractPipeline.java:499)
	at java.base/java.util.stream.ForEachOps$ForEachOp.evaluateSequential(ForEachOps.java:151)
	at java.base/java.util.stream.ForEachOps$ForEachOp$OfRef.evaluateSequential(ForEachOps.java:174)
	at java.base/java.util.stream.AbstractPipeline.evaluate(AbstractPipeline.java:234)
	at java.base/java.util.stream.ReferencePipeline.forEach(ReferencePipeline.java:596)
	at java.base/java.util.stream.ReferencePipeline$7$1.accept(ReferencePipeline.java:276)
	at java.base/java.util.stream.ReferencePipeline$3$1.accept(ReferencePipeline.java:197)
	at java.base/java.util.stream.ReferencePipeline$3$1.accept(ReferencePipeline.java:197)
	at java.base/java.util.stream.ReferencePipeline$3$1.accept(ReferencePipeline.java:197)
	at java.base/java.util.ArrayList$ArrayListSpliterator.forEachRemaining(ArrayList.java:1708)
	at java.base/java.util.stream.AbstractPipeline.copyInto(AbstractPipeline.java:509)
	at java.base/java.util.stream.AbstractPipeline.wrapAndCopyInto(AbstractPipeline.java:499)
	at java.base/java.util.stream.ForEachOps$ForEachOp.evaluateSequential(ForEachOps.java:151)
	at java.base/java.util.stream.ForEachOps$ForEachOp$OfRef.evaluateSequential(ForEachOps.java:174)
	at java.base/java.util.stream.AbstractPipeline.evaluate(AbstractPipeline.java:234)
	at java.base/java.util.stream.ReferencePipeline.forEach(ReferencePipeline.java:596)
	at java.base/java.util.stream.ReferencePipeline$7$1.accept(ReferencePipeline.java:276)
	at java.base/java.util.ArrayList$ArrayListSpliterator.forEachRemaining(ArrayList.java:1708)
	at java.base/java.util.stream.AbstractPipeline.copyInto(AbstractPipeline.java:509)
	at java.base/java.util.stream.AbstractPipeline.wrapAndCopyInto(AbstractPipeline.java:499)
	at java.base/java.util.stream.ForEachOps$ForEachOp.evaluateSequential(ForEachOps.java:151)
	at java.base/java.util.stream.ForEachOps$ForEachOp$OfRef.evaluateSequential(ForEachOps.java:174)
	at java.base/java.util.stream.AbstractPipeline.evaluate(AbstractPipeline.java:234)
	at java.base/java.util.stream.ReferencePipeline.forEach(ReferencePipeline.java:596)
	at java.base/java.util.ArrayList.forEach(ArrayList.java:1596)
	at java.base/java.util.ArrayList.forEach(ArrayList.java:1596)
",,,"TokensCss",,"Test harness","Tokens CSS",
"dev.multistack.app.config.SecurityChainTest.unmappedApiPathRequiresAuthentication","unmapped /api/** path requires authentication (catch-all)","passed","7ms",,,,,"Security chain with real JWT filter,slice",,"Security","Security chain",
"dev.multistack.app.config.SecurityChainTest.unmappedApiPathWithTokenIsNotFound","unmapped /api/** path with a valid token is 404, not 401","passed","19ms",,,,,"Security chain with real JWT filter,slice",,"Security","Security chain",